5468101000
5131927300
3827014400
784376700
6877707500
7974632100
6127878600
644071800
11678538300
4341221700
13296684500
12859034300
11606638200
1027625800
10730041700
5609768000
8065187700
12154154100
2582623100
5581502300
127101300
1380765200
2075579100
11591487900
6400079100
8569488000
4474391800
8511077800
6848046700
334816100
9112906700
5914640700
13093121600
8804188100
2120861900
10564592300
11945989500
1047600100
4187009400
1913394200
9244657600
7980979700
6183666900
221679800
12462449800
10441521100
10107832100
7221837100
6627927000
11431834100
12021694100
101870100
9316632300
8764100500
9389549900
7603239600
8264599000
5672273300
9019625300
10842281700
9150652300
9148422600
10218972500
13346032600
12543526700
6153633200
11563813700
2251995300
2696639600
2806600600
7334510900
5704870900
152871600
3090778600
2822681600
5975383200
13148743800
4178775700
2773363200
639182300
3595345000
3392407000
5162396500
12854786900
12979286500
13212210800
13237227000
9120083900
4171298400
149323800
11453285800
11063179900
4002290000
7996238500
267092100
1320609900
6087909100
6644041300
9488418100
6671992200
